5 6000 629 581 10
14 15000 1869 641 15
21 66000 1643 523 30
28 13456000 1913 913 1380
34 5000 751 567 75
42 7000 636 560 63
51 16000 2776 808 55
59 52000 2060 976 70
63 21000 540 940 67
70 7000 810 942 99
79 950000 1312 548 200
84 46000 2348 652 90
91 3000 2305 533 95
98 748158000 2851 775 74915
10 50000 2475 567 18
11 7000 2347 731 13
12 823000 1748 632 115
12 8000 1402 562 15
13 74000 2300 972 22
13 21000 2409 925 16
14 4000 966 562 17
15 5000 2331 651 17
16 589000 2567 611 80
16 204000 1057 689 37
17 3000 1147 527 19
18 4000 1676 700 22
18 18962000 2365 573 1920
20 227000 1139 647 45
02 1000 2322 802 20
08 1000 643 731 21
12 694000 1877 541 85
18 56000 621 641 25
22 20000 2709 625 26
23 3000 1585 993 256
24 12000 1097 949 379
24 156000 1282 538 1693
25 42832000 959 551 389823
26 432000 2252 796 3419
27 2443000 762 514 24634
27 390000 1100 808 1540
28 842000 1060 684 9959
29 647000 1706 650 3696
29 72000 1137 969 1334
30 5109000 1310 678 24682
30 32000 610 586 433
31 2000 809 869 334
32 1000 1075 747 325
32 11000 1538 994 382
33 2606000 2450 614 27433
34 4000 2939 775 360
34 5000 2256 664 400
35 272000 610 818 1551
35 68000 1595 623 635
36 49000 1999 943 579
37 120000 1641 869 802
37 16408000 2914 834 59447
38 240000 1939 863 2746
39 1000 2891 951 408
40 88000 2427 663 1234
41 6000 682 866 432
41 249000 1138 622 2999
42 3000 661 877 434
43 1000 2780 764 434
43 1000 833 705 441
44 16000 950 546 618
44 30000 2977 781 545
45 3000 2497 957 465
46 2000 1492 924 486
46 2000 1021 753 483
47 22000 2373 949 541
48 5064000 1866 958 41800
48 3726000 2087 659 15732
49 2000 994 762 512
50 96410000 696 732 401376
51 143000 538 622 2150
51 3160000 1938 570 13086
52 1000 1799 675 535
53 5000 2984 656 550
54 21000 2038 738 639
54 75000 2301 601 868
55 14000 875 779 623
56 7000 1355 631 642
57 3731000 2858 658 39322
57 1000 1094 914 590
58 105000 1576 520 1134
59 5300000 958 738 57910
60 4405000 2242 534 20532
61 120000 1935 547 1615
62 72000 955 835 1278
63 118000 1529 937 1078
640 20000 2860 932 703
64 15600000 981 821 65000
65 42000 2033 553 1126
66 5496000 787 991 46257
66 2122000 2616 692 18716
67 939000 522 930 3558
67 1468000 2363 991 5935
68 1000 1793 853 690
68 4000 2216 576 723
69 30000 2724 520 967
70 200000 2414 902 2323
71 1000 2906 634 724
72 38870000 2554 938 460189
73 110188000 559 855 1135124
74 6000 1130 874 801
74 33964000 1399 739 322265
75 1000 2335 731 766
76 720000 2061 949 3085
77 84000 724 952 1058
78 777000 2886 830 3388
78 1000 615 591 795
79 3000 846 858 799
79 84000 1537 861 1101
80 316000 1821 505 2014
80 1011000 1195 871 10555
81 1688000 2314 870 6710
82 3000 2258 734 834
82 764000 2091 943 3800
83 2000 807 939 841
83 2000 571 895 858
84 2000 2615 723 863
85 116000 2682 726 1344
86 9000 2530 822 940
86 3000 728 980 894
87 1000 929 605 886
88 910000 689 577 6155
89 4000 2523 971 907
89 7000 2876 776 928
90 2000 2009 613 912
91 402000 2006 526 4205
92 3000 1874 710 930
92 6000 1190 614 947
93 25000 1302 626 1161
94 8000 1217 893 1014
94 4046000 2128 864 42461
95 2000 1449 845 981
96 4000 574 762 981
96 2316000 1099 767 8450
97 4000 1219 971 1008
98 2000 2611 987 1000
98 94000 1597 833 1902
99 482000 949 637 5769
99 312000 1242 622 1986
106 14000 954 938 1142
102 128000 2443 591 1648
100 3656000 757 933 31212
108 78000 1514 778 1384
107 4300000 610 710 43633
104 100000 589 697 2079
102 345000 3019 899 2650
100 56000 1851 895 1512
109 6000 2972 980 1087
105 15000 1802 786 1205
103 16000 2355 995 1225
102 610000 2178 722 6955
110 5000 1817 653 1146
116 63000 2616 984 1641
115 87000 1459 991 1844
112 30000 2123 795 1224
112 151000 572 648 2586
113 1626000 1682 722 23972
113 12000 1091 983 1259
1149 26000 850 530 1250
112 45075000 3005 941 514846
110 24000 937 877 1426
116 9000 1196 908 1248
114 1232000 2447 759 12635
115 5000 2745 893 1231
113 4000 2629 977 1226
121 22000 2777 817 1271
1207 12000 2588 524 1323
121 8000 2199 847 1291
122 338000 981 945 2555
123 13000 2170 590 1338
123 21000 2915 531 1441
124 219000 1622 918 3303
124 11756000 2154 898 54350
125 3000 872 808 1265
125 238000 2937 633 3745
126 1145000 609 625 13536
127 1320000 2237 957 13835
127 19000 979 827 1451
128 230000 1730 510 2176
128 8921000 853 777 32675
129 813000 584 792 4490
130 64000 1062 634 1855
131 9666000 1295 727 118230
132 9000 2121 577 1356
133 1000 2056 800 1334
133 24000 1580 532 1467
134 3000 1675 679 1367
134 1000 2412 836 1359
135 2000 3021 913 1370
135 10245000 2700 668 50901
136 28000 2509 533 1504
136 400000 1437 873 2764
137 657000 2923 779 3573
138 4000 2752 604 1403
138 56706000 1706 982 592166
139 91000 2067 695 1760
140 2000 2736 592 1411
141 160000 532 640 2241
141 90000 555 975 2306
142 38000 1453 645 1760
143 17432000 850 654 60984
144 16000 537 969 1622
145 1000 1831 515 1459
145 2000 548 932 1475
146 6000 1636 596 1489
147 1259000 2185 533 12704
147 17450000 2413 601 171169
148 160000 2972 528 2804
148 2246000 2261 677 11129
149 17661000 708 656 159533
149 4000 2960 684 1534
150 4000 1369 629 1541
151 1000 758 774 1514
151 2000 1417 517 1532
152 6000 622 818 1545
152 862000 1583 987 4942
153 12000 2390 650 1635
154 908000 881 985 5397
154 1377000 687 631 15056
155 8813000 1921 957 28836
156 2000 1740 608 1586
157 368000 1638 606 4931
158 910000 1623 843 8958
159 480000 1019 699 6555
159 5000 863 931 1618
160 280000 897 557 4289
161 12000 1992 616 1749
162 6000 956 536 1680
162 16000 1429 689 1682
163 6000 2704 988 1658
163 3000 647 959 1648
164 8000 1546 974 1717
165 432000 1639 595 6236
165 3000 966 726 1689
166 8000 1032 580 1730
167 110000 1369 553 3170
168 82000 1997 513 2019
168 1000 1804 872 1691
169 1000 2041 645 1695
169 6129000 2343 643 32865
170 273000 1915 747 2747
171 507954000 2373 701 1624083
171 182952000 761 625 564585
172 2000 1262 898 1735
173 1000 2439 891 1735
173 71000 2720 520 2318
173 2000 2579 863 1749
174 196000 1629 717 2978
175 17000 1238 890 1930
175 344000 694 730 4837
176 1000 1819 507 1772
176 9000 1168 520 1798
177 8000 1411 523 1805
178 2000 1763 843 1803
178 13000 2707 955 1893
179 70000 2555 835 2192
180 5000 699 695 1845
181 35000 962 634 2150
182 405000 986 814 3283
182 1000 2374 790 1832
183 2000 1767 735 1854
184 1000 913 609 1844
184 4204000 1090 802 37017
185 2000 2338 890 1859
185 9000 2919 547 1889
186 3000 564 944 1891
187 8000 2156 856 1905
187 14000 1626 986 1932
188 64000 2088 796 2456
189 6000 2437 813 1952
189 158000 1698 778 3293
190 17000 612 516 2045
190 5000 690 982 1929
191 54528000 2281 889 169612
192 17000 2769 601 2010
192 110000 2999 755 2856
193 18000 1120 876 1991
194 120000 2269 609 3009
195 5000 1986 718 1977
195 170000 2631 675 2835
196 29000 1068 568 2088
197 25000 2143 915 2062
198 45000 803 531 2172
198 1945000 1403 667 10460
199 1000 1030 726 2005
200 34000 601 989 2127
201 1000 2070 786 2020
201 978000 2208 720 5096
202 6000 2881 557 2049
203 4000 2841 729 2065
203 1000 2357 921 2042
204 19000 902 970 2202
205 2000 1403 759 2073
206 976000 1884 792 11639
207 32000 1297 969 2191
207 9000000 2536 632 32030
208 12000 1367 651 2215
208 405000 2216 940 4443
209 2026938000 1542 694 11748629
209 126000 2217 741 2592
210 3000 1705 805 2132
211 3000 1993 773 2140
212 12000 1228 836 2169
212 24000 2346 998 2255
213 6000 1949 641 2157
214 80000 1459 947 2534
215 2000 1005 621 2169
215 373000 2248 932 3946
216 3000 596 620 2196
216 13000 1094 786 2290
217 663000 2830 934 4286
218 183000 2146 806 3722
219 121233000 716 724 844786
220 48000 2960 588 2662
221 63000 2299 987 2843
221 534000 1272 760 4178
222 140000 1738 882 2860
223 516144000 2172 892 2125643
224 88000 1060 828 2747
224 5000 2079 519 2274
225 36000 1479 651 2390
226 1945000 1928 552 17894
227 272000 2670 998 3340
228 108000 833 837 3535
228 24000 2117 949 2403
229 6000 2612 952 2321
230 18000 1927 535 2382
231 2000 1601 585 2331
231 9000 1500 868 2395
232 2900000 2726 678 31659
233 35000 1130 618 2482
233 10000 2364 820 2428
234 2000 2581 601 2363
235 224000 2059 871 5021
236 20252000 2587 535 187103
236 24000 619 595 2480
237 1000 1153 929 2383
237 1000 1880 804 2381
238 30000 1807 827 2512
238 302000 2373 673 5318
239 1000 1879 751 2398
239 6112000 1358 938 20880
240 231000 2299 987 3201
240 63809000 1521 577 2157820
241 20000 826 790 2490
242 1000 2636 648 2433
242 310000 1224 648 5008
243 4402000 2281 945 43627
244 1000 2659 911 2448
244 24000 1518 558 2653
245 684000 2768 736 5704
246 43000 1691 871 2634
246 70000 2959 555 3073
247 200000 1316 744 4099
248 27102000 2248 920 135725
249 23086000 2377 533 267570
249 6000 1383 687 2548
250 76374000 717 621 252877
251 4000 1737 637 2549
252 575000 1472 988 8573
253 1524000 1256 540 20155
254 32000 594 918 2807
254 1000 1212 624 2549
255 139000 949 517 3163
255 28000 2127 851 2810
255 160000 2367 639 3349
256 195000 2002 538 3243
257 2000 539 615 2579
257 76000 2771 659 2903
258 1000 3004 936 2589
259 27000 685 937 2806
260 5000 2770 638 2623
261 170000 702 670 3297
261 45000 714 754 3084
262 25714000 927 819 231296
263 541000 2985 649 7639
263 14000 2809 745 2793
264 4000 952 852 2667
265 107000 2605 725 3078
266 1000 1492 752 2663
266 15000 820 832 2789
267 10000 2389 665 2787
268 12000 2511 843 2806
269 94000 1256 616 3139
269 16000 1199 675 2754
270 63000 816 564 2984
271 4000 2583 543 2752
272 45000 579 883 3350
272 3615000 1127 851 21159
273 7000 828 776 2755
274 414000 1147 659 6812
274 16000 2442 686 2913
275 1000 2784 796 2767
276 2000 927 827 2781
277 2000 3009 529 2786
277 3000 1466 870 2788
278 12000 2619 539 2914
279 167000 1481 745 3487
279 3000 1638 822 2826
280 58048000 2431 503 220912
280 127000 2453 713 3287
281 534000 1010 578 7321
281 4000 2666 946 2850
282 16000 1571 955 2882
283 3000 812 848 2865
283 70000 940 548 3081
284 54000 2796 504 3320
285 944000 2670 974 13325
285 98000 1695 579 3342
286 436000 2392 840 8619
286 3000 2270 782 2877
287 8000 1483 819 2968
288 20000 2641 765 3059
289 11000 1652 508 2992
290 3000 1732 636 2930
290 1000 1052 980 2919
291 2000 2761 829 2928
291 40000 2098 638 3259
292 3324000 2223 567 38976
293 2000 2196 988 2940
294 1000 1305 709 2944
294 7830000 1140 880 66019
295 315000 2496 836 4339
296 321000 1202 866 5820
296 396000 2968 644 6773
297 38220000 2435 735 315687
298 2000 2795 795 2994
299 6000 2541 981 3053
299 348000 574 594 4919
300 5000 1374 670 3054
301 4000 1578 922 3053
302 4000 539 883 3062
302 3000 2540 952 3052
303 2108000 847 683 11549
304 24000 2538 822 3265
304 1755340000 2396 928 6725387
305 19683000 662 738 70013
306 9000 810 890 3143
307 4970000 1414 922 49610
308 104000 1683 871 3456
309 2000 2990 874 3112
309 1000 1408 568 3102
310 231000 623 595 4283
311 54000 2676 912 3687
312 101000 1854 966 3472
312 50000 1840 544 3351
313 528000 709 721 7519
313 157000 2264 908 4931
314 8000 770 862 3214
315 2296000 540 520 26859
315 13443000 2260 892 163435
316 4000 558 962 3202
317 66000 623 579 3729
318 90000 713 693 4065
319 3600000 2077 509 15555
320 1952000 845 801 11019
321 5000 1716 960 3253
321 26000 1680 696 3312
322 1000 1264 636 3234
322 6000 2596 768 3281
323 7000 1676 520 3309
324 10000 2897 581 3343
324 6000 1299 831 3274
325 16973000 1746 502 162962
326 108000 684 936 3599
327 1000 952 648 3275
327 3297000 2898 710 44524
327 525000 2817 893 5080
329 9000 1423 575 3335
329 151000 824 696 3867
329 4958000 1187 579 18213
330 25000 620 740 3559
331 194000 2748 720 5117
331 238000 1107 707 5375
332 46656000 2436 676 143645
333 5000 2882 570 3370
334 53000 1904 836 3812
334 2000 635 631 3366
335 1000 2180 948 3357
335 18000 1571 783 3432
336 4000 1150 890 3388
337 22000 1315 655 3491
338 3000 2570 562 3408
338 59890000 711 607 230588
339 212000 1904 932 5155
340 45000 2399 519 3691
341 275000 1462 790 4316
341 836000 2654 910 8236
341 1061094816 2712 932 146545677
342 8000 1802 738 3503
343 180000 1794 682 4194
344 150000 2546 530 3918
344 6000 695 539 3473
345 2000 2727 719 3467
346 4000 1205 905 3496
346 2000 1688 512 3475
347 264116000 1593 829 872738
348 35000 927 839 3941
349 270000 2292 876 4813
350 2000 1910 878 3518
350 30000 2956 660 3766
351 4000 2440 584 3547
352 58392000 1621 897 580574
353 13000 1982 694 3602
354 1000 2011 763 3543
354 2455000 2902 710 14409
355 22900000 2353 617 79004
356 10000 1624 928 3658
357 12424000 1947 943 117842
358 160000 2987 587 5192
358 3000 1349 881 3612
359 1000 2127 871 3604
360 24000 737 513 3736