5 6000 629 581 6
14 15000 1869 641 16
21 66000 1643 523 28
28 13456000 1913 913 1374
34 5000 751 567 35
42 7000 636 560 43
51 16000 2776 808 53
59 52000 2060 976 65
63 21000 540 940 66
70 7000 810 942 71
79 950000 1312 548 175
84 46000 2348 652 89
91 3000 2305 533 92
98 748158000 2851 775 74914
10 50000 2475 567 16
11 7000 2347 731 12
12 823000 1748 632 95
12 8000 1402 562 13
13 74000 2300 972 21
13 21000 2409 925 16
14 4000 966 562 15
15 5000 2331 651 16
16 589000 2567 611 75
16 204000 1057 689 37
17 3000 1147 527 18
18 4000 1676 700 19
18 18962000 2365 573 1915
20 227000 1139 647 43
2 1000 2322 802 3
8 1000 643 731 9
12 694000 1877 541 82
18 56000 621 641 24
22 20000 2709 625 25
23 3000 1585 993 24
24 12000 1097 949 26
24 156000 1282 538 40
25 42832000 959 551 4309
26 432000 2252 796 70
27 2443000 762 514 272
27 390000 1100 808 67
28 842000 1060 684 113
29 647000 1706 650 94
29 72000 1137 969 37
30 5109000 1310 678 541
30 32000 610 586 34
31 2000 809 869 32
32 1000 1075 747 33
32 11000 1538 994 34
33 2606000 2450 614 294
34 4000 2939 775 35
34 5000 2256 664 35
35 272000 610 818 63
35 68000 1595 623 42
36 49000 1999 943 41
37 120000 1641 869 50
37 16408000 2914 834 1678
38 240000 1939 863 63
39 1000 2891 951 40
40 88000 2427 663 49
41 6000 682 866 42
41 249000 1138 622 66
42 3000 661 877 43
43 1000 2780 764 44
43 1000 833 705 44
44 16000 950 546 46
44 30000 2977 781 48
45 3000 2497 957 46
46 2000 1492 924 47
46 2000 1021 753 47
47 22000 2373 949 50
48 5064000 1866 958 555
48 3726000 2087 659 421
49 2000 994 762 50
50 96410000 696 732 9692
51 143000 538 622 66
51 3160000 1938 570 368
52 1000 1799 675 53
53 5000 2984 656 54
54 21000 2038 738 57
54 75000 2301 601 62
55 14000 875 779 57
56 7000 1355 631 57
57 3731000 2858 658 431
57 1000 1094 914 58
58 105000 1576 520 69
59 5300000 958 738 590
60 4405000 2242 534 501
61 120000 1935 547 74
62 72000 955 835 70
63 118000 1529 937 75
640 20000 2860 932 643
64 15600000 981 821 1625
65 42000 2033 553 70
66 5496000 787 991 616
66 2122000 2616 692 279
67 939000 522 930 161
67 1468000 2363 991 214
68 1000 1793 853 69
68 4000 2216 576 69
69 30000 2724 520 73
70 200000 2414 902 91
71 1000 2906 634 72
72 38870000 2554 938 3960
73 110188000 559 855 11092
74 6000 1130 874 75
74 33964000 1399 739 3471
75 1000 2335 731 76
76 720000 2061 949 149
77 84000 724 952 86
78 777000 2886 830 156
78 1000 615 591 79
79 3000 846 858 80
79 84000 1537 861 88
80 316000 1821 505 112
80 1011000 1195 871 182
81 1688000 2314 870 250
82 3000 2258 734 83
82 764000 2091 943 159
83 2000 807 939 84
83 2000 571 895 84
84 2000 2615 723 85
85 116000 2682 726 97
86 9000 2530 822 87
86 3000 728 980 87
87 1000 929 605 88
88 910000 689 577 180
89 4000 2523 971 90
89 7000 2876 776 90
90 2000 2009 613 91
91 402000 2006 526 132
92 3000 1874 710 93
92 6000 1190 614 93
93 25000 1302 626 96
94 8000 1217 893 95
94 4046000 2128 864 499
95 2000 1449 845 96
96 4000 574 762 97
96 2316000 1099 767 328
97 4000 1219 971 98
98 2000 2611 987 99
98 94000 1597 833 108
99 482000 949 637 148
99 312000 1242 622 131
106 14000 954 938 108
102 128000 2443 591 115
100 3656000 757 933 466
108 78000 1514 778 116
107 4300000 610 710 538
104 100000 589 697 115
102 345000 3019 899 137
100 56000 1851 895 106
109 6000 2972 980 110
105 15000 1802 786 107
103 16000 2355 995 105
102 610000 2178 722 164
110 5000 1817 653 111
116 63000 2616 984 123
115 87000 1459 991 124
112 30000 2123 795 116
112 151000 572 648 128
113 1626000 1682 722 276
113 12000 1091 983 115
1149 26000 850 530 1152
112 45075000 3005 941 4620
110 24000 937 877 113
116 9000 1196 908 117
114 1232000 2447 759 238
115 5000 2745 893 116
113 4000 2629 977 114
121 22000 2777 817 124
1207 12000 2588 524 1209
121 8000 2199 847 122
122 338000 981 945 156
123 13000 2170 590 125
123 21000 2915 531 126
124 219000 1622 918 146
124 11756000 2154 898 1300
125 3000 872 808 126
125 238000 2937 633 149
126 1145000 609 625 241
127 1320000 2237 957 260
127 19000 979 827 129
128 230000 1730 510 152
128 8921000 853 777 1021
129 813000 584 792 211
130 64000 1062 634 137
131 9666000 1295 727 1098
132 9000 2121 577 133
133 1000 2056 800 134
133 24000 1580 532 136
134 3000 1675 679 135
134 1000 2412 836 135
135 2000 3021 913 136
135 10245000 2700 668 1160
136 28000 2509 533 139
136 400000 1437 873 177
137 657000 2923 779 203
138 4000 2752 604 139
138 56706000 1706 982 5809
139 91000 2067 695 149
140 2000 2736 592 141
141 160000 532 640 158
141 90000 555 975 151
142 38000 1453 645 146
143 17432000 850 654 1887
144 16000 537 969 146
145 1000 1831 515 146
145 2000 548 932 146
146 6000 1636 596 147
147 1259000 2185 533 273
147 17450000 2413 601 1893
148 160000 2972 528 165
148 2246000 2261 677 373
149 17661000 708 656 1916
149 4000 2960 684 150
150 4000 1369 629 151
151 1000 758 774 152
151 2000 1417 517 152
152 6000 622 818 153
152 862000 1583 987 239
153 12000 2390 650 155
154 908000 881 985 245
154 1377000 687 631 292
155 8813000 1921 957 1037
156 2000 1740 608 157
157 368000 1638 606 194
158 910000 1623 843 250
159 480000 1019 699 208
159 5000 863 931 160
160 280000 897 557 189
161 12000 1992 616 163
162 6000 956 536 163
162 16000 1429 689 164
163 6000 2704 988 164
163 3000 647 959 164
164 8000 1546 974 165
165 432000 1639 595 209
165 3000 966 726 166
166 8000 1032 580 167
167 110000 1369 553 179
168 82000 1997 513 177
168 1000 1804 872 169
169 1000 2041 645 170
169 6129000 2343 643 782
170 273000 1915 747 198
171 507954000 2373 701 50967
171 182952000 761 625 18467
172 2000 1262 898 173
173 1000 2439 891 174
173 71000 2720 520 181
173 2000 2579 863 174
174 196000 1629 717 194
175 17000 1238 890 177
175 344000 694 730 210
176 1000 1819 507 177
176 9000 1168 520 177
177 8000 1411 523 178
178 2000 1763 843 179
178 13000 2707 955 180
179 70000 2555 835 187
180 5000 699 695 181
181 35000 962 634 185
182 405000 986 814 223
182 1000 2374 790 183
183 2000 1767 735 184
184 1000 913 609 185
184 4204000 1090 802 605
185 2000 2338 890 186
185 9000 2919 547 186
186 3000 564 944 187
187 8000 2156 856 188
187 14000 1626 986 189
188 64000 2088 796 195
189 6000 2437 813 190
189 158000 1698 778 205
190 17000 612 516 192
190 5000 690 982 191
191 54528000 2281 889 5644
192 17000 2769 601 194
192 110000 2999 755 204
193 18000 1120 876 195
194 120000 2269 609 207
195 5000 1986 718 196
195 170000 2631 675 213
196 29000 1068 568 199
197 25000 2143 915 200
198 45000 803 531 203
198 1945000 1403 667 393
199 1000 1030 726 200
200 34000 601 989 204
201 1000 2070 786 202
201 978000 2208 720 299
202 6000 2881 557 203
203 4000 2841 729 204
203 1000 2357 921 204
204 19000 902 970 206
205 2000 1403 759 206
206 976000 1884 792 304
207 32000 1297 969 211
207 9000000 2536 632 1108
208 12000 1367 651 210
208 405000 2216 940 249
209 2026938000 1542 694 202903
209 126000 2217 741 222
210 3000 1705 805 211
211 3000 1993 773 212
212 12000 1228 836 214
212 24000 2346 998 215
213 6000 1949 641 214
214 80000 1459 947 223
215 2000 1005 621 216
215 373000 2248 932 253
216 3000 596 620 217
216 13000 1094 786 218
217 663000 2830 934 284
218 183000 2146 806 237
219 121233000 716 724 12343
220 48000 2960 588 225
221 63000 2299 987 228
221 534000 1272 760 275
222 140000 1738 882 237
223 516144000 2172 892 51838
224 88000 1060 828 233
224 5000 2079 519 225
225 36000 1479 651 229
226 1945000 1928 552 421
227 272000 2670 998 255
228 108000 833 837 239
228 24000 2117 949 231
229 6000 2612 952 230
230 18000 1927 535 232
231 2000 1601 585 232
231 9000 1500 868 232
232 2900000 2726 678 523
233 35000 1130 618 237
233 10000 2364 820 235
234 2000 2581 601 235
235 224000 2059 871 258
236 20252000 2587 535 2262
236 24000 619 595 239
237 1000 1153 929 238
237 1000 1880 804 238
238 30000 1807 827 242
238 302000 2373 673 269
239 1000 1879 751 240
239 6112000 1358 938 851
240 231000 2299 987 264
240 63809000 1521 577 6621
241 20000 826 790 244
242 1000 2636 648 243
242 310000 1224 648 274
243 4402000 2281 945 684
244 1000 2659 911 245
244 24000 1518 558 247
245 684000 2768 736 314
246 43000 1691 871 251
246 70000 2959 555 254
247 200000 1316 744 268
248 27102000 2248 920 2959
249 23086000 2377 533 2558
249 6000 1383 687 250
250 76374000 717 621 7888
251 4000 1737 637 252
252 575000 1472 988 310
253 1524000 1256 540 406
254 32000 594 918 258
254 1000 1212 624 255
255 139000 949 517 269
255 28000 2127 851 258
255 160000 2367 639 272
256 195000 2002 538 276
257 2000 539 615 258
257 76000 2771 659 265
258 1000 3004 936 259
259 27000 685 937 262
260 5000 2770 638 261
261 170000 702 670 279
261 45000 714 754 266
262 25714000 927 819 2834
263 541000 2985 649 318
263 14000 2809 745 265
264 4000 952 852 265
265 107000 2605 725 276
266 1000 1492 752 267
266 15000 820 832 268
267 10000 2389 665 269
268 12000 2511 843 270
269 94000 1256 616 279
269 16000 1199 675 271
270 63000 816 564 277
271 4000 2583 543 272
272 45000 579 883 277
272 3615000 1127 851 634
273 7000 828 776 274
274 414000 1147 659 316
274 16000 2442 686 276
275 1000 2784 796 276
276 2000 927 827 277
277 2000 3009 529 278
277 3000 1466 870 278
278 12000 2619 539 280
279 167000 1481 745 296
279 3000 1638 822 280
280 58048000 2431 503 6085
280 127000 2453 713 293
281 534000 1010 578 335
281 4000 2666 946 282
282 16000 1571 955 284
283 3000 812 848 284
283 70000 940 548 291
284 54000 2796 504 290
285 944000 2670 974 380
285 98000 1695 579 295
286 436000 2392 840 330
286 3000 2270 782 287
287 8000 1483 819 288
288 20000 2641 765 291
289 11000 1652 508 291
290 3000 1732 636 291
290 1000 1052 980 291
291 2000 2761 829 292
291 40000 2098 638 296
292 3324000 2223 567 625
293 2000 2196 988 294
294 1000 1305 709 295
294 7830000 1140 880 1078
295 315000 2496 836 327
296 321000 1202 866 329
296 396000 2968 644 336
297 38220000 2435 735 4120
298 2000 2795 795 299
299 6000 2541 981 300
299 348000 574 594 334
300 5000 1374 670 301
301 4000 1578 922 302
302 4000 539 883 303
302 3000 2540 952 303
303 2108000 847 683 514
304 24000 2538 822 307
304 1755340000 2396 928 175839
305 19683000 662 738 2274
306 9000 810 890 307
307 4970000 1414 922 805
308 104000 1683 871 319
309 2000 2990 874 310
309 1000 1408 568 310
310 231000 623 595 334
311 54000 2676 912 317
312 101000 1854 966 323
312 50000 1840 544 318
313 528000 709 721 366
313 157000 2264 908 329
314 8000 770 862 315
315 2296000 540 520 545
315 13443000 2260 892 1660
316 4000 558 962 317
317 66000 623 579 324
318 90000 713 693 328
319 3600000 2077 509 680
320 1952000 845 801 516
321 5000 1716 960 322
321 26000 1680 696 324
322 1000 1264 636 323
322 6000 2596 768 323
323 7000 1676 520 324
324 10000 2897 581 326
324 6000 1299 831 325
325 16973000 1746 502 2023
326 108000 684 936 337
327 1000 952 648 328
327 3297000 2898 710 657
327 525000 2817 893 380
329 9000 1423 575 330
329 151000 824 696 345
329 4958000 1187 579 825
330 25000 620 740 333
331 194000 2748 720 351
331 238000 1107 707 355
332 46656000 2436 676 4998
333 5000 2882 570 334
334 53000 1904 836 340
334 2000 635 631 335
335 1000 2180 948 336
335 18000 1571 783 337
336 4000 1150 890 337
337 22000 1315 655 340
338 3000 2570 562 339
338 59890000 711 607 6328
339 212000 1904 932 361
340 45000 2399 519 345
341 275000 1462 790 369
341 836000 2654 910 425
341 1061094816 2712 932 106451
342 8000 1802 738 343
343 180000 1794 682 362
344 150000 2546 530 360
344 6000 695 539 345
345 2000 2727 719 346
346 4000 1205 905 347
346 2000 1688 512 347
347 264116000 1593 829 26759
348 35000 927 839 352
349 270000 2292 876 377
350 2000 1910 878 351
350 30000 2956 660 354
351 4000 2440 584 352
352 58392000 1621 897 6192
353 13000 1982 694 355
354 1000 2011 763 355
354 2455000 2902 710 600
355 22900000 2353 617 2646
356 10000 1624 928 358
357 12424000 1947 943 1600
358 160000 2987 587 375
358 3000 1349 881 359
359 1000 2127 871 360
360 24000 737 513 363
